%
% This file is part of htmap.
%
% Copyright (C) 2018 Emilio Garcia-Fidalgo <emilio.garcia@uib.es> (University of the Balearic Islands)
%
% htmap is free software: you can redistribute it and/or modify
% it under the terms of the GNU General Public License as published by
% the Free Software Foundation, either version 3 of the License, or
% (at your option) any later version.
%
% htmap is distributed in the hope that it will be useful,
% but WITHOUT ANY WARRANTY; without even the implied warranty of
% MERCHANTABILITY or FITNESS FOR A PARTICULAR PURPOSE. See the
% GNU General Public License for more details.
%
% You should have received a copy of the GNU General Public License
% along with htmap. If not, see <http://www.gnu.org/licenses/>.

function pr_curves
    % Function to plot PR curves.
    lab_size = 26;
    ax_size = 20;
    leg_size = 20;
    line_size = 3.0;
    
    % FABMAP PR/RE
    FABMAP.CITYCENTRE.pr = [1.0000, 1.00, 0.9733, 0.9582, 0.9416, 0.9304, 0.9248, 0.9144, 0.9002, 0.8889, 0.8778, 0.8668, 0.8532, 0.8431, 0.8232, 0.8028, 0.7902, 0.7668, 0.7421, 0.7072, 0.6672];
    FABMAP.CITYCENTRE.re = [0.0000, 0.385, 0.5868, 0.6154, 0.6373, 0.6516, 0.6661, 0.6775, 0.6903, 0.6995, 0.7234, 0.7271, 0.7399, 0.7435, 0.7514, 0.7579, 0.7813, 0.7958, 0.8057, 0.8221, 0.8389];
    FABMAP.NEWCOLLEGE.pr = [1.0000, 1.00, 1.000, 0.8907, 0.8555, 0.8436, 0.8179, 0.8030, 0.7780, 0.7540, 0.7177, 0.6992, 0.6726, 0.6484, 0.6232, 0.6088, 0.5829, 0.5650, 0.5396, 0.5251, 0.5078, 0.4871];
    FABMAP.NEWCOLLEGE.re = [0.0000, 0.48, 0.519, 0.6707, 0.7022, 0.7312, 0.7506, 0.7835, 0.7971, 0.8093, 0.8182, 0.8300, 0.8399, 0.8448, 0.8473, 0.8568, 0.8614, 0.8756, 0.8850, 0.8875, 0.8900, 0.9023];    
    FABMAP.KITTI00.pr = [1.0000, 1.0000, 0.9953, 0.9955, 0.9958, 0.9959, 0.9960, 0.9960, 0.9961, 0.9961, 0.9961, 0.9962, 0.9962, 0.9943, 0.9944, 0.9944, 0.9944, 0.9944, 0.9945, 0.9945, 0.9945, 0.9946, 0.9928, 0.9928, 0.9928, 0.9928, 0.9928, 0.9929, 0.9929, 0.9912, 0.9912, 0.9913, 0.9896, 0.9896, 0.9862, 0.9845, 0.9812, 0.9747, 0.9698, 0.9572, 0.9345, 0.8345];
    FABMAP.KITTI00.re = [0.0000, 0.4921, 0.5330, 0.5635, 0.5990, 0.6168, 0.6282, 0.6383, 0.6447, 0.6510, 0.6548, 0.6624, 0.6662, 0.6696, 0.6722, 0.6773, 0.6811, 0.6823, 0.6861, 0.6900, 0.6912, 0.6963, 0.7001, 0.7027, 0.7027, 0.7027, 0.7052, 0.7078, 0.7103, 0.7141, 0.7154, 0.7230, 0.7243, 0.7243, 0.7277, 0.7290, 0.7299, 0.7350, 0.7376, 0.7401, 0.7462, 0.7589];
    FABMAP.KITTI05.pr = [1.0000, 1.0000, 0.9939, 0.9940, 0.9941, 0.9945, 0.9946, 0.9947, 0.9947, 0.9948, 0.9948, 0.9948, 0.9948, 0.9948, 0.9948, 0.9948, 0.9948, 0.9948, 0.9949, 0.9949, 0.9949, 0.9949, 0.9950, 0.9950, 0.9951, 0.9952, 0.9952, 0.9952, 0.9953, 0.9953, 0.9953, 0.9953, 0.9953, 0.9953, 0.9953, 0.9953, 0.9953, 0.9953, 0.9953, 0.9953, 0.9953, 0.9953, 0.9953, 0.9954, 0.9954, 0.9954, 0.9954, 0.9954, 0.9954, 0.9954, 0.9954, 0.9954, 0.9954, 0.9954, 0.9954, 0.9954, 0.9954, 0.9954, 0.9954, 0.9954, 0.9955, 0.9955, 0.9955, 0.9955, 0.9955, 0.9955, 0.9955, 0.9955, 0.9955, 0.9955, 0.9955, 0.9955, 0.9955, 0.9955, 0.9955, 0.9955, 0.9955, 0.9955, 0.9955, 0.9955, 0.9955, 0.9955, 0.9955, 0.9955, 0.9955, 0.9955, 0.9955, 0.9955, 0.9955, 0.9955, 0.9955, 0.9955, 0.9955, 0.9955, 0.9955, 0.9955, 0.9955, 0.9955, 0.9955, 0.9955, 0.9955, 0.9955, 0.9955, 0.9956, 0.9956, 0.9956, 0.9956, 0.9956, 0.9956, 0.9956, 0.9956, 0.9956, 0.9956, 0.9956, 0.9956, 0.9956, 0.9956, 0.9956, 0.9956, 0.9956, 0.9956, 0.9956, 0.9956, 0.9956, 0.9956, 0.9956, 0.9956, 0.9957, 0.9957, 0.9957, 0.9957, 0.9957, 0.9957, 0.9957, 0.9957, 0.9957, 0.9957, 0.9957, 0.9957, 0.9957, 0.9957, 0.9957, 0.9957, 0.9957, 0.9957, 0.9957, 0.9957, 0.9957, 0.9957, 0.9957, 0.9957, 0.9957, 0.9957, 0.9957, 0.9957, 0.9957, 0.9957, 0.9957, 0.9957, 0.9957, 0.9957, 0.9957, 0.9957, 0.9957, 0.9957, 0.9957, 0.9958, 0.9958, 0.9958, 0.9958, 0.9958, 0.9958, 0.9958, 0.9958, 0.9958, 0.9958, 0.9958, 0.9958, 0.9958, 0.9958, 0.9958, 0.9958, 0.9958, 0.9958, 0.9958, 0.9958, 0.9958, 0.9958, 0.9958, 0.9958, 0.9958, 0.9958, 0.9958, 0.9958, 0.9958, 0.9958, 0.9958, 0.9958, 0.9958, 0.9917, 0.9917, 0.9958, 0.9958, 0.9917, 0.9917, 0.9917, 0.9917, 0.9917, 0.9917, 0.9917, 0.9917, 0.9917, 0.9917, 0.9917, 0.9917, 0.9917, 0.9917, 0.9917, 0.9917, 0.9917, 0.9917, 0.9917, 0.9917, 0.9917, 0.9917, 0.9917, 0.9917, 0.9917, 0.9917, 0.9917, 0.9917, 0.9917, 0.9917, 0.9917, 0.9917, 0.9917, 0.9917, 0.9917, 0.9917, 0.9917, 0.9917, 0.9917, 0.9917, 0.9917, 0.9917, 0.9917, 0.9917, 0.9917, 0.9917, 0.9917, 0.9917, 0.9917, 0.9877, 0.9877, 0.9877, 0.9877, 0.9877, 0.9877, 0.9877, 0.9877, 0.9877, 0.9918, 0.9918, 0.9918, 0.9918, 0.9918, 0.9918, 0.9918, 0.9918, 0.9918, 0.9918, 0.9918, 0.9918, 0.9918, 0.9918, 0.9918, 0.9918, 0.9878, 0.9878, 0.9878, 0.9878, 0.9878, 0.9878, 0.9878, 0.9879, 0.9879, 0.9879, 0.9879, 0.9879, 0.9879, 0.9879, 0.9879, 0.9879, 0.9879, 0.9879, 0.9879, 0.9880, 0.9880, 0.9841, 0.9841, 0.9841, 0.9841, 0.9841, 0.9841, 0.9841, 0.9841, 0.9841, 0.9841, 0.9841, 0.9841, 0.9841, 0.9841, 0.9841, 0.9841, 0.9880, 0.9880, 0.9880, 0.9802, 0.9802, 0.9802, 0.9802, 0.9802, 0.9802, 0.9802, 0.9841, 0.9841, 0.9841, 0.9841, 0.9727, 0.9727, 0.9765, 0.9765, 0.9765, 0.9765, 0.9765, 0.9765, 0.9765, 0.9765, 0.9765, 0.9803, 0.9803, 0.9803, 0.9803, 0.9803, 0.9803, 0.9803, 0.9728, 0.9728, 0.9728, 0.9728, 0.9691, 0.9691, 0.9691, 0.9691, 0.9691, 0.9729, 0.9582, 0.9582, 0.9618, 0.9618, 0.9618, 0.9618, 0.9655, 0.9655, 0.9655, 0.9655, 0.9692, 0.9476, 0.9476, 0.9511, 0.9511, 0.9547, 0.9547, 0.9547, 0.9583, 0.9373, 0.9407, 0.9407, 0.9442, 0.9173, 0.9206, 0.9239, 0.9273, 0.9307, 0.9341, 0.8767, 0.8858, 0.8951, 0.9014, 0.9078, 0.9110, 0.8658, 0.8196, 0.8382, 0.8548, 0.7222, 0.7647, 0.7975];
